30
2 40 1 -2 6 1 53 0 0 1
13 40 1 -2 6 0 0 1 0 1
40 8 0 0 6 0 0 0 0 1
35 32 0 0 6 0 0 0 0 1
45 32 0 0 6 0 0 0 0 1
30 56 0 0 6 0 0 0 0 1
40 56 0 0 6 0 0 0 0 1
50 56 0 0 6 0 0 0 0 1
25 80 0 0 6 0 0 0 0 1
35 80 0 0 6 0 0 0 0 1
45 80 0 0 6 0 0 0 0 1
55 80 0 0 6 0 0 0 0 1
20 104 0 0 6 0 0 0 0 1
30 104 0 0 6 0 0 0 0 1
40 104 0 0 6 0 0 0 0 1
50 104 0 0 6 0 0 0 0 1
60 104 0 0 6 0 0 0 0 1
15 128 0 0 6 0 0 0 0 1
25 128 0 0 6 0 0 0 0 1
35 128 0 0 6 0 0 0 0 1
45 128 0 0 6 0 0 0 0 1
55 128 0 0 6 0 0 0 0 1
65 128 0 0 6 0 0 0 0 1
10 152 0 0 6 0 0 0 0 1
20 152 0 0 6 0 0 0 0 1
30 152 0 0 6 0 0 0 0 1
40 152 0 0 6 0 0 0 0 1
50 152 0 0 6 0 0 0 0 1
60 152 0 0 6 0 0 0 0 1
70 152 0 0 6 0 0 0 0 1
1
1
3
1
2
3
1
2
0
3
4
5
6
7
8
9
10
11
12
13
14
15
16
17
18
19
20
21
22
23
24
25
26
27
28
29
30
0
255
3
14
pyramid
9
14 152 1 -2 7 1 53 0 0 1
40 152 0 0 1 0 0 0 0 0
10 2 0 24 7 0 0 0 0 1
20 2 0 24 7 0 0 0 0 1
30 2 0 24 7 0 0 0 0 1
40 2 0 24 7 0 0 0 0 1
50 2 0 24 7 0 0 0 0 1
60 2 0 24 7 0 0 0 0 1
70 2 0 24 7 0 0 0 0 1
0
1
8
1
3
4
5
6
7
8
9
0
1
2
3
4
5
6
7
8
9
3
4
5
6
7
8
9
3
4
5
6
7
8
9
3
4
5
6
7
8
9
3
4
5
6
7
8
9
2
0
255
5
22
golf
13
2 0 0 0 7 1 53 0 0 0
13 0 3 0 7 0 0 1 0 1
0 50 0 12 5 0 0 0 0 1
11 50 0 12 5 0 0 0 0 1
22 50 0 12 5 0 0 0 0 1
33 50 0 12 5 0 0 0 0 1
44 50 0 12 5 0 0 0 0 1
55 50 0 12 5 0 0 0 0 1
66 50 0 12 5 0 0 0 0 1
33 0 0 0 3 0 0 0 0 0
44 0 0 0 3 0 0 0 0 0
55 0 0 0 3 0 0 0 0 0
66 0 0 0 3 0 0 0 0 0
0
0
9
1
2
3
4
5
6
7
8
9
5
2
10
11
12
13
4
10
11
12
13
3
104
105
106
107
108
109
4
105
106
107
108
109
5
106
107
108
109
6
107
108
109
7
108
109
8
109
9
0
255
1
25
klondike
11
0 12 0 0 7 1 53 0 0 0
11 12 3 0 7 0 0 1 0 1
14 62 1 2 7 1 53 0 0 1
28 50 0 12 5 0 0 0 0 1
41 50 0 12 5 0 0 0 0 1
54 50 0 12 5 0 0 0 0 1
67 50 0 12 5 0 0 0 0 1
28 0 3 0 3 3 0 0 0 0
41 0 3 0 3 3 0 0 0 0
54 0 3 0 3 3 0 0 0 0
67 0 3 0 3 3 0 0 0 0
0
0
7
1
2
3
4
5
6
7
5
2
8
9
10
11
4
8
9
10
11
4
5
6
7
0
255
2
15
canfield
11
7 36 1 2 7 1 53 0 0 1
18 36 2 2 7 0 0 1 0 1
45 24 0 0 2 0 0 0 0 1
35 76 0 0 2 0 0 0 0 1
45 76 0 0 2 0 0 0 0 1
55 76 0 0 2 0 0 0 0 1
45 126 0 0 2 0 0 0 0 1
35 24 -3 -4 3 3 0 0 0 0
55 24 3 -4 3 3 0 0 0 0
35 126 -3 4 3 3 0 0 0 0
55 126 3 4 3 3 0 0 0 0
0
0
7
1
2
3
4
5
6
7
4
2
9
10
11
4
8
9
10
11
3
4
5
6
7
8
0
255
8
15
corners
9
0 12 2 -2 7 1 53 0 0 1
12 50 0 12 10 0 0 0 0 1
29 50 0 12 10 0 0 0 0 1
46 50 0 12 10 0 0 0 0 1
63 50 0 12 10 0 0 0 0 1
12 0 3 0 4 3 0 0 0 0
29 0 3 0 4 3 0 0 0 0
46 0 3 0 4 3 0 0 0 0
63 0 3 0 4 3 0 0 0 0
0
0
5
1
2
3
4
5
5
2
3
4
5
6
4
6
7
8
9
200
6
0
200
7
14
200
8
28
200
9
42
0
255
2
15
calculation
21
1 0 3 0 9 0 0 1 0 1
17 0 3 0 9 0 0 1 0 1
33 0 3 0 9 0 0 1 0 1
49 0 3 0 9 0 0 1 0 1
65 0 3 0 9 0 0 1 0 1
1 50 3 0 9 0 0 1 0 1
17 50 3 0 9 0 0 1 0 1
33 50 3 0 9 0 0 1 0 1
49 50 3 0 9 0 0 1 0 1
65 50 3 0 9 0 0 1 0 1
1 100 3 0 9 0 0 1 0 1
17 100 3 0 9 0 0 1 0 1
33 100 3 0 9 0 0 1 0 1
49 100 3 0 9 0 0 1 0 1
65 100 3 0 9 0 0 1 0 1
1 150 3 0 9 0 0 1 0 1
19 150 0 0 7 0 0 0 0 0
33 150 0 0 3 0 0 0 0 0
45 150 0 0 3 0 0 0 0 0
57 150 0 0 3 0 0 0 0 0
69 150 0 0 3 0 0 0 0 0
0
1
16
1
2
3
4
5
6
7
8
9
10
11
12
13
14
15
16
0
4
18
19
20
21
200
18
0
200
19
13
200
20
26
200
21
39
1
1
1
2
2
2
3
3
3
4
4
4
5
5
5
6
6
6
7
7
7
8
8
8
9
9
9
10
10
10
11
11
11
12
12
12
13
13
13
14
14
14
15
15
15
16
16
16
0
255
20
25
3 shuffles...
11
0 12 2 2 7 1 53 0 0 1
13 12 2 0 7 0 0 1 0 1
14 62 1 2 7 1 53 0 0 1
28 50 0 12 5 0 0 0 0 1
41 50 0 12 5 0 0 0 0 1
54 50 0 12 5 0 0 0 0 1
67 50 0 12 5 0 0 0 0 1
28 0 3 0 3 3 0 0 0 0
41 0 3 0 3 3 0 0 0 0
54 0 3 0 3 3 0 0 0 0
67 0 3 0 3 3 0 0 0 0
0
0
7
1
2
3
4
5
6
7
5
2
8
9
10
11
4
8
9
10
11
4
5
6
7
0
255
3
15
reno
24
10 0 0 0 11 0 0 0 0 1
22 0 0 0 11 0 0 0 0 1
34 0 0 0 11 0 0 0 0 1
46 0 0 0 11 0 0 0 0 1
58 0 0 0 11 0 0 0 0 1
70 0 0 0 11 0 0 0 0 1
10 50 0 0 11 0 0 0 0 1
22 50 0 0 11 0 0 0 0 1
34 50 0 0 11 0 0 0 0 1
46 50 0 0 11 0 0 0 0 1
58 50 0 0 11 0 0 0 0 1
70 50 0 0 11 0 0 0 0 1
10 100 0 0 11 0 0 0 0 1
22 100 0 0 11 0 0 0 0 1
34 100 0 0 11 0 0 0 0 1
46 100 0 0 11 0 0 0 0 1
58 100 0 0 11 0 0 0 0 1
70 100 0 0 11 0 0 0 0 1
10 150 0 0 11 0 0 0 0 1
22 150 0 0 11 0 0 0 0 1
34 150 0 0 11 0 0 0 0 1
46 150 0 0 11 0 0 0 0 1
58 150 0 0 11 0 0 0 0 1
70 150 0 0 11 0 0 0 0 1
1
1
24
1
2
3
4
5
6
7
8
9
10
11
12
13
14
15
16
17
18
19
20
21
22
23
24
0
0
101
102
103
104
105
106
107
108
109
110
111
112
113
114
115
116
117
118
119
120
121
122
123
124
0
255
1
15
concen-
17
36 76 1 2 11 1 53 0 0 1
6 0 0 0 11 0 0 0 0 1
36 24 0 0 11 0 0 0 0 1
66 0 0 0 11 0 0 0 0 1
16 24 0 0 11 0 0 0 0 1
56 24 0 0 11 0 0 0 0 1
26 48 0 0 11 0 0 0 0 1
46 48 0 0 11 0 0 0 0 1
15 76 0 0 11 0 0 0 0 1
57 76 0 0 11 0 0 0 0 1
26 102 0 0 11 0 0 0 0 1
46 102 0 0 11 0 0 0 0 1
16 126 0 0 11 0 0 0 0 1
36 126 0 0 11 0 0 0 0 1
56 126 0 0 11 0 0 0 0 1
6 150 0 0 11 0 0 0 0 1
66 150 0 0 11 0 0 0 0 1
1
0
17
1
2
3
4
5
6
7
8
9
10
11
12
13
14
15
16
17
0
0
2
5
7
12
15
17
16
13
11
8
6
4
3
9
14
10
0
255
1
10
pairs
9
80 200 0 0 0 0 0 0 0 0
10 20 1 2 11 0 0 0 0 1
26 20 1 2 11 0 0 0 0 1
42 20 1 2 11 0 0 0 0 1
58 20 1 2 11 0 0 0 0 1
16 80 1 2 11 0 0 0 0 1
32 80 1 2 11 0 0 0 0 1
48 80 1 2 11 0 0 0 0 1
64 80 1 2 11 0 0 0 0 1
1
1
8
2
3
4
5
6
7
8
9
0
0
102
103
104
105
106
107
108
109
102
103
104
105
106
107
108
109
102
103
104
105
106
107
108
109
2
3
4
5
6
7
8
9
0
255
1
8
the wish
